2 9 11 13 17 18 20 21 23 24 27 29 33 34 35 40 41 44 48 49 50 51 54 55 57 58 65 68 69 70 71 73 74 75 76 77 79 80 82 84 85 86 88 93 97 98 100 102 104 105 107 109 112 116 117 120 121 122 127 128 130 134 136 137 138 139 140 141 142 143 144 145 146
4 5 7 9 13 16 21 24 25 26 28 29 32 33 34 38 40 42 43 44 47 49 50 51 56 57 58 64 65 66 68 69 70 71 73 74 75 76 79 80 84 90 91 94 95 101 103 104 106 108 109 110 112 113 114 115 116 118 120 122 124 125 127 128 130 135 140 142 143 146 147
0 3 4 5 6 7 8 9 10 14 15 16 18 20 24 26 27 37 38 40 44 48 54 55 56 57 58 59 60 61 66 68 70 71 73 76 77 79 82 83 84 85 86 88 92 97 98 105 106 109 110 112 113 115 119 120 121 122 123 124 125 128 136 137 139 140 141 142 145 147 148
0 1 5 8 9 10 12 14 15 19 21 22 23 24 25 26 28 31 35 37 39 40 42 43 44 45 47 58 64 66 68 73 75 77 79 81 82 85 88 91 94 97 100 101 103 105 106 109 110 111 113 116 119 120 121 124 125 126 128 129 133 137 138 141 142 143 144 145 147 148 149
0 1 2 5 8 12 16 17 18 20 21 23 24 25 28 29 30 32 33 37 39 40 41 43 44 46 48 49 52 54 57 58 62 63 64 66 69 73 76 81 82 85 86 90 93 96 97 102 105 106 107 109 110 111 113 115 116 118 119 120 122 123 124 125 126 127 128 132 135 136 141 143 144 147 149
0 3 5 7 8 9 12 13 16 17 18 20 24 25 26 27 33 35 39 40 42 44 46 47 49 52 57 58 60 64 66 68 80 82 85 88 89 90 93 97 98 100 102 106 108 110 114 115 116 119 121 122 123 124 126 128 130 131 136 137 138 139 142 144 145 147 148
1 3 5 7 9 10 12 13 14 15 17 19 20 22 27 28 29 31 32 34 38 40 43 44 46 47 48 51 52 57 58 59 63 64 67 68 69 70 73 75 81 82 83 84 85 86 94 95 98 101 102 103 105 107 109 111 113 114 116 118 120 121 122 127 128 131 133 135 136 140 142 143 146 147 148 149
1 2 3 6 10 11 12 14 18 22 24 25 26 29 31 33 34 35 36 39 40 41 42 43 44 46 48 49 50 53 56 62 67 68 70 74 75 77 79 82 87 88 90 91 97 98 100 103 104 105 108 109 110 113 115 119 120 121 122 123 124 125 127 130 132 134 136 141 148 149
5 7 9 12 13 14 18 19 21 22 24 26 27 28 29 33 34 36 40 42 51 52 54 58 60 61 62 64 65 66 70 73 78 79 82 84 85 86 89 90 91 98 105 106 108 113 115 116 117 118 120 121 126 131 134 136 137 138 140 143 146 148 149
0 1 5 7 8 11 12 14 15 16 20 22 23 24 25 26 27 30 32 33 34 35 38 40 41 48 49 50 51 53 54 55 57 58 59 61 63 65 66 67 68 69 70 71 74 75 78 81 82 83 85 86 87 95 97 98 100 102 105 106 112 117 119 121 122 124 125 128 130 132 135 136 145 148 149
