0,1
2,3
4,5
6,7
8,9
10,11
12,13
14,15
16,17
18,19
20,21
22,23
24,25
26,27
28,29
30,31
25,32
33,34
35,36
37,38
39,40
41,42
43,44
45,46
47,48
49,50
51,52
53,54
55,56
57,58
59,60
61,62
63,64
65,66
7,67
68,69
70,71
71,72
73,74
75,76
77,78
79,80
81,82
83,84
85,86
87,88
89,90
91,92
93,91
94,95
96,97
98,99
100,101
102,103
104,105
106,107
108,109
110,111
112,113
114,115
116,117
118,119
120,121
122,123
124,125
126,127
128,129
130,131
132,133
134,68
135,136
137,138
139,140
141,142
143,144
145,146
147,148
149,150
151,152
153,154
155,156
157,158
74,159
9,160
86,89
161,162
163,164
165,166
167,168
169,170
171,172
172,173
174,175
176,177
178,112
179,105
140,139
180,181
182,183
184,126
185,186
187,188
189,190
136,191
192,193
147,194
195,196
197,198
148,199
200,201
202,122
203,41
204,205
206,207
129,208
209,210
211,212
213,214
115,114
215,216
217,218
219,220
90,221
222,223
224,225
5,226
227,6
158,228
6,229
230,231
99,232
233,234
235,236
177,237
238,239
240,241
242,243
244,245
246,247
248,249
250,134
251,252
72,157
253,254
255,256
257,258
259,260
207,66
261,262
263,264
188,265
88,81
139,266
231,267
142,268
269,185
270,271
272,273
274,275
276,277
278,279
280,281
282,283
26,37
284,285
286,287
288,122
224,289
290,291
123,292
293,294
258,295
296,297
298,204
299,300
184,301
302,303
57,304
305,306
307,308
309,310
5,261
311,312
313,314
315,316
317,313
318,319
320,4
321,322
322,323
324,325
326,87
327,328
329,330
331,332
214,213
333,100
270,334
335,165
236,336
337,338
339,340
236,341
342,343
344,345
346,347
348,349
170,350
173,179
113,215
351,352
353,354
354,118
355,356
357,358
359,12
360,361
362,363
69,364
365,366
199,147
367,150
368,26
369,370
371,47
295,372
127,45
42,373
374,375
298,376
377,378
379,380
381,382
58,57
154,153
263,309
301,383
254,158
384,385
386,387
388,389
390,391
221,276
392,393
394,395
97,396
97,397
398,399
166,398
400,401
341,402
105,403
404,405
406,407
408,409
410,411
412,413
414,415
119,416
283,282
417,418
157,419
322,321
420,331
421,422
423,424
286,425
287,290
426,427
428,184
429,430
431,432
433,434
435,436
66,284
437,438
319,230
325,324
439,440
441,442
332,443
444,445
446,344
447,448
449,351
114,238
216,450
451,452
453,148
454,433
455,456
457,458
459,460
461,462
463,464
465,466
467,468
469,470
471,472
166,233
473,474
448,112
475,476
477,478
479,480
323,481
482,483
483,200
1,260
484,455
485,486
487,488
489,490
97,191
491,492
493,494
495,496
497,447
498,499
500,388
501,502
133,503
504,505
506,507
508,509
95,510
511,512
496,495
513,514
279,278
515,516
517,518
519,194
520,293
521,522
523,524
525,526
527,528
529,530
531,192
532,533
534,535
536,537
538,539
540,541
542,543
11,544
545,546
547,548
549,550
290,551
18,552
553,554
555,556
557,558
559,560
561,562
563,564
565,566
567,568
569,77
570,565
571,572
573,574
575,523
576,577
578,579
445,580
581,582
583,584
585,586
587,588
589,449
590,591
592,593
594,595
596,597
598,599
600,195
601,602
434,603
393,604
605,606
607,608
62,263
609,610
252,251
611,612
613,614
615,616
617,618
302,619
620,621
622,623
624,622
272,625
626,627
628,626
629,630
631,632
633,139
634,635
636,637
638,639
574,615
476,421
416,421
31,640
159,128
317,314
641,395
642,643
644,645
646,647
648,649
46,650
614,651
652,296
653,520
303,653
522,654
655,656
657,379
253,658
623,317
541,659
330,660
604,420
661,662
234,663
664,665
666,501
667,106
668,669
345,667
670,671
672,412
673,674
356,355
544,675
478,676
677,678
32,679
680,681
682,203
683,592
684,685
686,583
687,270
688,689
690,691
671,178
107,589
692,224
693,694
695,696
64,697
479,698
376,699
488,487
700,701
632,508
702,703
412,704
705,570
706,707
708,709
572,710
711,712
713,714
715,716
717,718
45,126
719,720
285,435
721,63
722,307
228,723
658,724
725,726
578,727
728,729
730,246
731,325
732,733
734,735
736,737
738,739
740,741
742,743
744,745
746,747
748,749
750,751
752,753
754,755
756,757
584,758
759,760
761,762
762,763
764,587
765,766
587,767
105,768
769,770
352,771
772,114
770,769
193,773
239,774
181,180
775,776
777,778
779,780
781,782
783,784
56,785
786,787
788,789
416,248
790,791
792,549
793,794
795,796
797,377
798,799
67,73
800,801
802,803
514,513
804,805
798,806
807,808
235,809
810,811
812,813
419,157
659,541
814,8
815,816
694,693
817,611
150,818
819,613
820,821
292,822
823,693
782,824
554,823
821,33
825,826
827,819
828,829
304,830
831,832
245,833
794,574
834,49
835,41
836,837
838,124
830,839
840,836
841,793
842,843
843,842
844,845
595,846
847,848
849,850
851,722
852,853
854,855
724,856
857,858
859,314
860,861
575,862
863,864
363,863
865,866
78,867
559,868
869,459
870,732
871,75
872,873
874,320
226,875
876,877
878,879
880,881
882,883
247,246
328,327
884,885
886,583
246,887
625,888
889,890
468,886
891,892
893,335
247,515
894,895
896,746
751,897
898,899
900,901
901,902
580,903
583,491
904,628
586,905
586,906
907,908
909,910
911,904
912,913
914,915
916,686
917,918
336,810
919,920
921,915
922,668
920,923
665,924
925,926
927,928
929,930
931,932
933,934
467,935
936,800
937,938
939,940
941,939
942,943
938,944
945,946
947,948
949,950
366,951
952,286
122,953
954,955
46,127
44,203
956,957
958,959
960,961
962,963
568,567
964,484
314,859
965,966
967,968
879,969
970,971
273,439
92,465
93,972
973,974
397,975
340,976
977,691
403,236
978,788
979,493
411,980
981,677
361,360
146,982
450,670
983,10
984,985
986,987
988,964
989,59
480,311
990,991
992,993
994,995
996,997
998,666
999,1000
1000,1001
1002,531
103,1003
1004,1005
803,605
1006,547
1007,1008
1009,141
34,1010
1011,835
244,571
1012,1013
552,274
1014,35
1015,1014
656,655
1016,1017
3,1018
1019,567
522,536
1020,962
1021,623
737,1022
733,732
579,1023
1024,335
899,896
896,912
1025,687
750,752
530,1026
1027,1028
1029,1030
338,1031
106,644
1032,1033
175,104
1034,942
1035,1036
770,1037
780,779
1038,1039
1040,797
265,1041
1042,740
402,907
932,167
1043,1044
1045,1046
1047,108
823,1048
23,219
1049,852
1050,1051
1052,1053
1054,936
1055,638
1056,1057
961,960
966,1058
1059,1060
401,233
811,172
1061,765
1062,1063
1064,1065
1066,1067
883,882
621,620
314,1068
1069,1070
1071,505
691,690
1072,1073
789,788
1074,1074
49,1075
716,715
1076,49
260,257
1077,1078
1079,1080
968,967
1081,227
632,631
1082,1083
1084,736
395,1085
1086,1087
1088,1089
747,893
516,1090
1091,748
629,1092
334,1093
1094,909
755,1095
669,1096
266,633
1097,1098
760,764
170,1099
608,1100
1046,1101
678,1102
1103,288
805,595
1104,1105
1106,1107
1108,1109
1110,1111
615,1112
574,1113
1114,259
219,1115
1116,1117
1118,1119
1120,1121
1122,719
1123,1124
723,721
523,1125
856,253
799,575
524,1126
1127,1128
870,1129
559,861
76,871
1129,870
877,559
86,211
330,1130
727,187
969,489
246,578
1131,1132
1133,700
1134,625
625,731
743,886
1135,246
1136,1137
888,1138
1139,1135
1138,1140
1141,878
1142,889
1143,1144
1145,1146
1147,1148
1144,742
1087,1145
1149,1150
1135,1151
908,394
581,96
1152,235
1150,1153
1154,585
1155,1149
1151,1156
585,1154
749,1157
1158,1159
1160,642
1161,583
901,744
529,1162
1088,1163
1164,1158
977,1160
668,922
1165,1097
1166,1167
1168,917
1169,137
1170,911
906,1171
915,280
1172,1097
1171,1166
801,400
767,1173
977,1004
763,977
1174,929
1099,446
1175,923
1176,937
1177,1178
115,1179
1180,1181
1182,1183
1184,1185
1186,1187
1188,1189
1190,1191
1192,1183
1178,1193
1194,497
1195,1196
181,1197
774,451
1198,1199
1111,1200
1201,1202
1203,1204
1205,1206
1207,1208
1209,1210
1211,1212
1213,1214
1215,1216
1217,1019
1218,1219
1220,1221
306,1222
591,590
1223,1224
972,465
1225,1226
1227,1228
1053,759
602,1229
1230,1054
1231,1232
1233,1234
1234,1233
1182,980
1235,979
1236,1237
1238,1239
1240,1241
1242,869
385,1243
1132,1131
1244,1245
581,1246
1092,629
1247,1248
1033,1032
1229,1249
1250,1251
944,1176
1063,1008
943,673
940,1252
451,1064
370,1253
77,1254
1205,1255
1256,1257
1258,1259
1260,1136
1042,1261
1262,8
586,759
1044,1263
1264,1265
697,1266
1267,479
699,1268
1269,1270
601,705
1271,1272
304,834
1273,1274
499,1275
735,738
385,1141
1276,1277
905,1278
281,921
934,933
1124,1279
1280,958
513,1281
1282,155
1283,1284
1285,860
1286,1287
1051,1050
734,898
1288,1289
1290,1291
1292,1293
1294,1295
1296,1297
1298,1299
50,1300
1022,1301
1302,1303
1295,1294
1304,1305
710,1306
832,1307
379,657
1308,988
1125,1309
1310,1311
1287,1312
465,510
214,1313
94,609
922,1165
1314,1072
926,919
1315,1316
1317,467
1318,467
1319,1320
413,1009
788,414
791,1034
1279,1321
1322,1323
155,1324
1325,1326
486,485
1327,1328
1261,1042
1329,1330
1331,1084
1332,1333
1334,1335
915,1170
1320,816
1336,1337
1200,1111
1338,1339
1340,1341
1342,1343
186,157
1344,1345
1346,1347
1348,1349
351,1350
1351,612
1074,1339
1352,1353
1354,2
1355,1356
61,182
1357,840
1210,1209
1257,1256
595,1358
785,1359
1360,1361
1362,728
560,876
1363,1364
887,1365
84,79
221,221
1366,1367
995,1368
256,1154
1369,1370
101,1371
1372,1373
1374,166
627,904
1375,1376
1377,1378
1379,646
1380,1381
584,1382
1003,1383
1384,563
802,1385
1063,1386
1387,1388
535,945
1389,1186
356,1390
360,355
1391,1392
955,1393
1394,1395
1396,371
591,828
1397,553
829,299
1398,555
1399,1400
262,206
1401,521
869,315
1070,134
806,1402
1087,1403
1404,1405
1406,463
91,1407
1408,891
739,734
745,900
1162,1409
752,529
1107,1106
1410,1411
1315,1172
1234,1233
1412,1413
1008,1007
1008,1414
1415,1416
1417,1418
1419,1417
776,1420
675,1421
1237,1236
833,219
1422,843
1423,1127
1424,1425
881,1327
247,1139
1212,1211
663,1029
1426,1427
1428,1429
1430,1431
1191,1190
1432,1201
1433,1434
1435,22
1436,426
618,1437
1438,244
48,1253
1439,838
1440,1441
1309,1442
63,721
431,1443
1444,1445
1443,1446
1447,1040
558,557
867,230
1448,1449
1450,1451
866,1452
1452,1453
1343,1454
1455,1456
1457,1458
861,798
1459,384
1460,1461
577,1462
1365,730
1138,1134
1287,1286
885,1463
490,1464
464,464
905,1465
1071,1466
1301,1408
1146,1086
1303,1302
1407,392
895,1467
1468,1469
1469,213
903,1470
1471,1348
1467,1161
1472,529
1096,922
1473,444
1157,339
138,1169
1474,1475
1476,1477
1478,1380
343,1479
1480,1214
1289,110
938,937
1481,1482
588,607
1483,1484
1189,1188
1485,1184
1291,1486
671,772
1487,1110
1488,1180
1101,1489
1490,1195
775,1491
1492,1493
355,1035
198,114
535,1494
1272,535
1039,1495
843,831
856,378
658,253
1268,989
1496,1497
1498,1499
1500,1501
509,1404
1502,1503
276,1504
1504,703
1148,247
1505,1506
1470,1507
1508,1509
629,1510
1511,1512
913,1513
1477,761
1514,1515
1516,565
1517,1428
1518,1519
1417,1419
1520,1521
1522,949
1523,1524
1115,1525
1526,39
1253,1118
654,1527
61,45
125,1354
1528,61
1529,1530
1531,556
837,1357
848,847
205,1532
1533,1534
1535,1322
300,381
697,63
724,1536
1449,804
1456,311
698,1455
1537,865
864,1538
1539,1540
877,876
1541,990
610,94
1542,1543
895,1544
736,1545
516,1147
1546,1547
1548,1549
1246,581
98,1550
662,1091
1551,1552
1153,907
565,271
903,1553
1554,688
1095,752
1555,916
1556,925
1479,1557
1558,1559
1197,1560
1183,941
1187,1488
1196,1561
1559,1562
1488,1389
1064,1563
1111,939
1199,1192
1564,1565
1566,1567
147,46
36,1568
1121,244
1569,1570
830,304
720,841
1571,1572
698,1573
1460,1574
1575,461
1543,1138
1140,1542
1576,1577
1578,232
1090,1155
1579,1580
1581,1088
1157,1582
645,1583
1584,1554
1411,1585
923,1174
930,1586
1557,1177
1486,1486
1587,1419
1588,1035
1589,1197
1491,1038
1590,1591
1592,1198
1593,1195
193,108
1594,13
1595,1596
951,506
1114,1298
1597,1598
1358,1599
310,1308
63,1600
308,722
1601,209
1497,1602
562,1329
1603,1604
1577,1605
1606,1607
1608,501
1609,1610
1611,770
1612,1290
1613,1614
1294,1591
1615,1616
1617,1201
1618,1619
1620,692
225,1074
1048,823
612,1621
823,1114
549,1622
1623,792
1567,1352
294,123
821,0
1525,1624
1527,715
41,793
40,695
1017,61
126,498
1441,1625
54,1208
720,847
1241,1626
1627,1628
1599,1077
1629,1630
1571,307
1631,1079
858,1632
1126,575
311,1455
1449,315
383,1450
1068,1633
1634,1635
1312,364
460,1634
1636,500
1637,1242
487,384
387,386
460,459
1638,540
1463,1142
527,1276
897,1639
580,1640
1246,1641
1642,98
1643,1644
1552,1551
1645,1646
758,894
1376,1375
1375,1647
1648,664
666,1649
1026,1472
168,931
924,1410
1382,1650
928,927
1651,1652
1653,1654
926,1655
816,815
1656,548
1427,1656
1657,1658
1178,1659
177,1660
980,1182
1661,1188
1180,1661
980,1417
1431,1492
1662,705
1562,1431
1035,1663
1493,1430
1664,1665
1666,1667
1668,1199
1199,1669
1048,1670
1671,1672
1673,1674
1675,1676
1672,1677
1678,1675
287,1679
953,1680
696,695
1624,1438
1265,1220
1681,617
1682,1683
1280,1682
1625,1118
1684,1531
1685,1280
1442,1686
1687,302
1400,838
380,379
52,51
378,1688
1628,1627
156,1689
307,1690
1691,1692
1693,1694
987,1693
1695,1537
1343,1696
438,1697
1698,986
1699,857
1453,1700
1701,1702
1702,1703
1704,1704
460,1705
74,874
1706,1707
862,1706
1708,387
1709,1710
729,1711
212,85
188,578
1712,441
1060,1059
1328,1327
1245,1244
741,992
1466,1713
1464,1141
1132,1082
1408,736
232,1714
420,1715
1581,1408
1367,93
1716,562
1717,561
1718,1577
95,1042
1141,1143
1719,1716
1720,163
1089,1088
975,1645
661,1721
1722,1349
1607,1372
191,1025
1248,1247
1723,1606
976,754
502,1473
1724,1029
918,1476
924,1000
1610,1725
1557,342
1726,1727
932,1480
1728,1729
1730,1061
1556,1731
570,1732
1006,1733
1734,1735
1001,1213
111,410
1188,1736
1385,1737
1738,1178
1739,1740
1187,1186
788,1741
1350,351
1200,1186
1561,1593
1189,1488
1489,180
1742,1743
1493,1203
1388,1618
1614,1744
1745,1746
1747,1748
1749,240
1748,1747
1750,1751
121,1673
1752,1753
1754,652
845,844
971,725
1364,1363
1755,1756
1335,1757
1758,746
995,1546
1759,1760
753,340
681,680
1761,1762
1763,1764
1765,1352
824,224
956,205
1530,1766
853,852
389,388
1767,20
851,1768
1630,1629
1600,63
301,1769
364,313
1770,1575
1771,1772
1773,1545
1550,98
1172,1315
1774,1587
1775,1743
1776,769
1777,1778
1779,552
1780,1781
1782,1120
1783,1784
1785,54
1786,385
806,1460
1710,1709
528,1787
543,1788
1642,1771
1789,1790
1791,1792
1793,1794
1656,1795
639,1384
1796,933
1797,978
1562,1798
1339,1074
1353,1074
1799,1800
1075,1801
813,1355
1239,1238
1019,1217
862,728
1540,387
725,971
1711,862
1310,1802
1802,1803
1363,1460
734,1132
1804,1805
1367,1366
1790,1806
583,1807
1808,1723
691,1809
1515,1514
1810,1811
1812,928
1384,1813
1337,1814
933,1478
1815,1816
1731,1556
1057,1001
1417,1587
1817,1043
1295,1294
1818,1565
1819,431
1266,1820
1821,538
538,1821
1822,1823
1717,1824
398,1511
1825,1826
613,1827
1699,1828
1829,329
1330,1329
1830,1831
676,1832
1307,832
28,1833
1834,1835
1496,1453
1060,1836
563,999
1270,1269
639,1837
1736,1838
1839,143
1567,1566
552,1840
717,1841
536,1842
1210,1209
64,1691
1694,858
98,1771
757,756
647,1843
1844,1726
532,1653
1065,1845
1669,1761
1846,1752
1019,1217
1284,1283
1847,1848
1849,1258
808,1850
908,1262
518,1851
1852,1379
768,1108
1313,395
1853,1509
1033,1032
1658,800
1421,790
1854,204
1855,1708
1650,1555
1856,570
1848,1847
1051,1060
1117,18
837,836
1828,1857
1858,1859
873,1016
1860,1459
1361,1860
391,488
1861,1862
1863,1864
561,1717
1865,1843
1866,1867
492,1868
102,1250
1869,1516
980,1870
1871,851
134,1872
1462,576
1725,1873
1874,1288
143,1817
1845,676
1875,1037
1534,1876
315,869
364,132
1538,1701
1877,1006
1878,1879
1058,1880
1881,705
948,1882
1339,1338
1536,1447
1573,1267
436,596
1451,1448
1454,1883
387,386
1884,1069
875,872
1347,598
1501,659
685,1885
1549,96
1373,1372
1843,1886
1887,1888
1889,563
1585,1890
1813,1270
816,1891
1181,1892
1190,1893
1894,1895
1494,1589
146,1066
1896,1897
790,1898
1899,1388
1900,1901
1902,1332
1395,1903
1904,1282
1653,1905
1906,1907
1908,713
1909,1910
1222,1911
1912,1913
1914,1345
884,321
701,700
1051,1050
1915,1059
1226,1225
1916,1852
1844,1917
1918,1919
1429,409
1920,1921
1922,1923
1833,1924
1805,1925
1926,1927
1731,1730
1764,225
1800,1799
1445,298
1928,854
1929,1930
1931,1932
1105,1933
512,511
1934,404
224,1935
191,97
1936,1901
1760,398
1937,1830
1721,1938
1806,1808
1939,1423
700,1133
1940,1941
1425,1709
1243,1942
1941,1940
1943,1556
1944,1269
1120,1782
1945,1946
1947,1564
1,1948
1949,1362
533,532
1938,1721
689,1584
1950,1951
1316,1315
17,368
264,1629
838,1952
279,278
1919,1918
1946,1738
1895,1178
1667,1185
148,147
1373,975
1953,1
858,857
1954,275
872,576
669,669
1416,346
1955,534
1951,1956
1645,687
1957,1958
1959,1960
787,390
1816,1815
1519,1961
1747,1962
1688,1963
1964,634
271,1965
1966,1967
289,1968
1262,1262
472,1969
1970,1971
705,1972
1973,1974
1975,1878
1976,1977
1978,1243
1979,1980
1981,1189
1974,1929
31,30
773,1235
1208,1207
1982,1981
1983,523
1984,1985
1986,271
1987,1988
1816,1815
1989,1990
1396,1989
532,532
1991,1992
1993,1994
1995,1387
1996,1997
1998,1999
2000,1983
2001,1588
1971,1996
2002,2003
2004,2005
2006,2007
1870,1870
2008,2009
1974,2010
2011,2012
1492,2013
2014,2015
2007,2016
2017,2018
1930,2019
194,2020
1994,1993
2021,2022
2019,2023
2024,2025
2026,2001
2027,2028
2029,2002
2030,2031
2032,2033
2034,2035
2036,2037
2025,2024
2038,2039
2040,1996
2041,1991
2042,2043
2013,2044
2045,2046
2047,2048
2049,2050
2051,2052
2053,2045
2054,1977
2051,2049
2055,2056
2044,2057
2058,2059
1985,2060
2039,2038
1977,2061
2062,2063
2064,2065
2066,2067
2065,2068
2069,2070
2071,2072
