20
0 0 0 0 0 8 10 11 10 10 0 0 0 0 0 0 0 0 0 0
0 0 0 0 0 10 8 12 12 9 0 0 0 0 0 0 0 0 0 0
0 0 0 0 0 9 12 12 8 8 0 0 0 0 0 0 0 0 0 0
0 0 0 0 0 10 8 8 11 12 0 0 0 0 0 0 0 0 0 0
0 0 0 0 0 12 8 11 9 12 0 0 0 0 0 0 0 0 0 0
0 0 0 0 0 0 0 0 0 0 10 11 11 10 8 0 0 0 0 0
0 0 0 0 0 0 0 0 0 0 9 10 12 12 10 0 0 0 0 0
0 0 0 0 0 0 0 0 0 0 11 12 10 8 11 0 0 0 0 0
0 0 0 0 0 0 0 0 0 0 11 10 12 9 9 0 0 0 0 0
0 0 0 0 0 0 0 0 0 0 12 10 12 12 9 0 0 0 0 0
0 0 0 0 0 0 0 0 0 0 0 0 0 0 0 10 12 11 10 12
0 0 0 0 0 0 0 0 0 0 0 0 0 0 0 9 11 8 10 8
0 0 0 0 0 0 0 0 0 0 0 0 0 0 0 10 12 9 12 8
0 0 0 0 0 0 0 0 0 0 0 0 0 0 0 11 10 10 11 8
0 0 0 0 0 0 0 0 0 0 0 0 0 0 0 11 9 8 8 10
0 0 0 0 0 0 0 0 0 0 0 0 0 0 0 0 0 0 0 0
0 0 0 0 0 0 0 0 0 0 0 0 0 0 0 0 0 0 0 0
0 0 0 0 0 0 0 0 0 0 0 0 0 0 0 0 0 0 0 0
0 0 0 0 0 0 0 0 0 0 0 0 0 0 0 0 0 0 0 0
0 0 0 0 0 0 0 0 0 0 0 0 0 0 0 0 0 0 0 0
