0 0 0 0 0 8 7 11 11 12 0 0 0 0 0 0 0 0 0 0
0 0 0 0 0 9 13 14 12 10 0 0 0 0 0 0 0 0 0 0
0 0 0 0 0 12 9 12 8 12 0 0 0 0 0 0 0 0 0 0
0 0 0 0 0 13 8 8 6 10 0 0 0 0 0 0 0 0 0 0
0 0 0 0 0 13 13 12 7 11 0 0 0 0 0 0 0 0 0 0
0 0 0 0 0 0 0 0 0 0 7 12 10 10 14 0 0 0 0 0
0 0 0 0 0 0 0 0 0 0 13 11 14 11 14 0 0 0 0 0
0 0 0 0 0 0 0 0 0 0 8 7 12 6 15 0 0 0 0 0
0 0 0 0 0 0 0 0 0 0 9 12 11 6 14 0 0 0 0 0
0 0 0 0 0 0 0 0 0 0 15 11 8 12 14 0 0 0 0 0
0 0 0 0 0 0 0 0 0 0 0 0 0 0 0 10 10 11 8 15
0 0 0 0 0 0 0 0 0 0 0 0 0 0 0 12 12 5 7 5
0 0 0 0 0 0 0 0 0 0 0 0 0 0 0 14 7 14 13 9
0 0 0 0 0 0 0 0 0 0 0 0 0 0 0 14 12 12 7 7
0 0 0 0 0 0 0 0 0 0 0 0 0 0 0 8 9 10 10 6
0 0 0 0 0 0 0 0 0 0 0 0 0 0 0 0 0 0 0 0
0 0 0 0 0 0 0 0 0 0 0 0 0 0 0 0 0 0 0 0
0 0 0 0 0 0 0 0 0 0 0 0 0 0 0 0 0 0 0 0
0 0 0 0 0 0 0 0 0 0 0 0 0 0 0 0 0 0 0 0
0 0 0 0 0 0 0 0 0 0 0 0 0 0 0 0 0 0 0 0
