18
0 0 0 0 10 11 11 11 0 0 0 0 0 0 0 0 0 0
0 0 0 0 12 10 9 8 0 0 0 0 0 0 0 0 0 0
0 0 0 0 12 10 10 12 0 0 0 0 0 0 0 0 0 0
0 0 0 0 11 11 10 11 0 0 0 0 0 0 0 0 0 0
0 0 0 0 0 0 0 0 9 12 10 11 12 0 0 0 0 0
0 0 0 0 0 0 0 0 12 10 9 9 11 0 0 0 0 0
0 0 0 0 0 0 0 0 12 12 8 11 8 0 0 0 0 0
0 0 0 0 0 0 0 0 11 12 12 8 11 0 0 0 0 0
0 0 0 0 0 0 0 0 0 0 0 0 0 9 11 8 11 11
0 0 0 0 0 0 0 0 0 0 0 0 0 7 10 7 9 8
0 0 0 0 0 0 0 0 0 0 0 0 0 7 8 9 11 8
0 0 0 0 0 0 0 0 0 0 0 0 0 7 8 8 9 7
0 0 0 0 0 0 0 0 0 0 0 0 0 10 11 9 11 9
0 0 0 0 0 0 0 0 0 0 0 0 0 0 0 0 0 0
0 0 0 0 0 0 0 0 0 0 0 0 0 0 0 0 0 0
0 0 0 0 0 0 0 0 0 0 0 0 0 0 0 0 0 0
0 0 0 0 0 0 0 0 0 0 0 0 0 0 0 0 0 0
0 0 0 0 0 0 0 0 0 0 0 0 0 0 0 0 0 0
