0 0 0 0 8 5 15 14 0 0 0 0 0 0 0 0 0 0
0 0 0 0 13 7 15 5 0 0 0 0 0 0 0 0 0 0
0 0 0 0 11 13 10 11 0 0 0 0 0 0 0 0 0 0
0 0 0 0 7 8 8 6 0 0 0 0 0 0 0 0 0 0
0 0 0 0 0 0 0 0 7 5 11 6 5 0 0 0 0 0
0 0 0 0 0 0 0 0 11 14 15 6 7 0 0 0 0 0
0 0 0 0 0 0 0 0 12 7 9 14 9 0 0 0 0 0
0 0 0 0 0 0 0 0 12 14 6 10 10 0 0 0 0 0
0 0 0 0 0 0 0 0 0 0 0 0 0 8 6 10 5 15
0 0 0 0 0 0 0 0 0 0 0 0 0 10 13 12 14 8
0 0 0 0 0 0 0 0 0 0 0 0 0 7 11 12 14 13
0 0 0 0 0 0 0 0 0 0 0 0 0 6 13 5 5 8
0 0 0 0 0 0 0 0 0 0 0 0 0 15 15 5 13 5
0 0 0 0 0 0 0 0 0 0 0 0 0 0 0 0 0 0
0 0 0 0 0 0 0 0 0 0 0 0 0 0 0 0 0 0
0 0 0 0 0 0 0 0 0 0 0 0 0 0 0 0 0 0
0 0 0 0 0 0 0 0 0 0 0 0 0 0 0 0 0 0
0 0 0 0 0 0 0 0 0 0 0 0 0 0 0 0 0 0
