0 0 0 0 0 8 8 7 8 10 0 0 0 0 0 0 0 0 0 0
0 0 0 0 0 15 15 9 15 7 0 0 0 0 0 0 0 0 0 0
0 0 0 0 0 13 15 9 6 8 0 0 0 0 0 0 0 0 0 0
0 0 0 0 0 5 11 11 15 10 0 0 0 0 0 0 0 0 0 0
0 0 0 0 0 6 9 10 13 13 0 0 0 0 0 0 0 0 0 0
0 0 0 0 0 0 0 0 0 0 12 5 8 12 6 0 0 0 0 0
0 0 0 0 0 0 0 0 0 0 15 14 6 6 5 0 0 0 0 0
0 0 0 0 0 0 0 0 0 0 15 6 6 12 5 0 0 0 0 0
0 0 0 0 0 0 0 0 0 0 9 7 5 9 14 0 0 0 0 0
0 0 0 0 0 0 0 0 0 0 5 8 7 8 7 0 0 0 0 0
0 0 0 0 0 0 0 0 0 0 0 0 0 0 0 8 7 8 10 9
0 0 0 0 0 0 0 0 0 0 0 0 0 0 0 13 5 8 12 13
0 0 0 0 0 0 0 0 0 0 0 0 0 0 0 5 12 12 12 12
0 0 0 0 0 0 0 0 0 0 0 0 0 0 0 9 9 6 5 12
0 0 0 0 0 0 0 0 0 0 0 0 0 0 0 8 11 9 11 11
0 0 0 0 0 0 0 0 0 0 0 0 0 0 0 0 0 0 0 0
0 0 0 0 0 0 0 0 0 0 0 0 0 0 0 0 0 0 0 0
0 0 0 0 0 0 0 0 0 0 0 0 0 0 0 0 0 0 0 0
0 0 0 0 0 0 0 0 0 0 0 0 0 0 0 0 0 0 0 0
0 0 0 0 0 0 0 0 0 0 0 0 0 0 0 0 0 0 0 0
