20
0 0 0 0 0 11 10 10 9 10 0 0 0 0 0 0 0 0 0 0
0 0 0 0 0 8 9 9 9 8 0 0 0 0 0 0 0 0 0 0
0 0 0 0 0 9 9 12 9 9 0 0 0 0 0 0 0 0 0 0
0 0 0 0 0 11 10 9 12 9 0 0 0 0 0 0 0 0 0 0
0 0 0 0 0 9 9 9 11 11 0 0 0 0 0 0 0 0 0 0
0 0 0 0 0 0 0 0 0 0 8 10 11 12 11 0 0 0 0 0
0 0 0 0 0 0 0 0 0 0 8 12 10 12 8 0 0 0 0 0
0 0 0 0 0 0 0 0 0 0 9 9 8 12 8 0 0 0 0 0
0 0 0 0 0 0 0 0 0 0 8 9 11 8 9 0 0 0 0 0
0 0 0 0 0 0 0 0 0 0 8 10 11 8 9 0 0 0 0 0
0 0 0 0 0 0 0 0 0 0 0 0 0 0 0 10 9 9 9 9
0 0 0 0 0 0 0 0 0 0 0 0 0 0 0 9 10 11 9 12
0 0 0 0 0 0 0 0 0 0 0 0 0 0 0 11 12 12 8 12
0 0 0 0 0 0 0 0 0 0 0 0 0 0 0 9 11 12 8 9
0 0 0 0 0 0 0 0 0 0 0 0 0 0 0 8 10 12 11 8
0 0 0 0 0 0 0 0 0 0 0 0 0 0 0 0 0 0 0 0
0 0 0 0 0 0 0 0 0 0 0 0 0 0 0 0 0 0 0 0
0 0 0 0 0 0 0 0 0 0 0 0 0 0 0 0 0 0 0 0
0 0 0 0 0 0 0 0 0 0 0 0 0 0 0 0 0 0 0 0
0 0 0 0 0 0 0 0 0 0 0 0 0 0 0 0 0 0 0 0
