0 0 0 0 0 8 9 6 12 14 0 0 0 0 0 0 0 0 0 0
0 0 0 0 0 5 6 13 13 11 0 0 0 0 0 0 0 0 0 0
0 0 0 0 0 11 7 6 12 9 0 0 0 0 0 0 0 0 0 0
0 0 0 0 0 13 10 8 10 7 0 0 0 0 0 0 0 0 0 0
0 0 0 0 0 6 12 9 14 14 0 0 0 0 0 0 0 0 0 0
0 0 0 0 0 0 0 0 0 0 9 11 9 10 5 0 0 0 0 0
0 0 0 0 0 0 0 0 0 0 8 10 6 11 7 0 0 0 0 0
0 0 0 0 0 0 0 0 0 0 9 12 12 8 7 0 0 0 0 0
0 0 0 0 0 0 0 0 0 0 10 6 12 14 9 0 0 0 0 0
0 0 0 0 0 0 0 0 0 0 13 13 7 12 7 0 0 0 0 0
0 0 0 0 0 0 0 0 0 0 0 0 0 0 0 13 6 10 8 7
0 0 0 0 0 0 0 0 0 0 0 0 0 0 0 6 14 15 8 14
0 0 0 0 0 0 0 0 0 0 0 0 0 0 0 5 6 14 12 10
0 0 0 0 0 0 0 0 0 0 0 0 0 0 0 9 8 11 13 12
0 0 0 0 0 0 0 0 0 0 0 0 0 0 0 9 10 14 7 9
0 0 0 0 0 0 0 0 0 0 0 0 0 0 0 0 0 0 0 0
0 0 0 0 0 0 0 0 0 0 0 0 0 0 0 0 0 0 0 0
0 0 0 0 0 0 0 0 0 0 0 0 0 0 0 0 0 0 0 0
0 0 0 0 0 0 0 0 0 0 0 0 0 0 0 0 0 0 0 0
0 0 0 0 0 0 0 0 0 0 0 0 0 0 0 0 0 0 0 0
