20
0 0 0 0 0 10 8 10 8 10 0 0 0 0 0 0 0 0 0 0
0 0 0 0 0 12 9 10 11 9 0 0 0 0 0 0 0 0 0 0
0 0 0 0 0 12 10 10 12 10 0 0 0 0 0 0 0 0 0 0
0 0 0 0 0 12 8 12 10 11 0 0 0 0 0 0 0 0 0 0
0 0 0 0 0 12 10 10 10 11 0 0 0 0 0 0 0 0 0 0
0 0 0 0 0 0 0 0 0 0 9 10 9 8 9 0 0 0 0 0
0 0 0 0 0 0 0 0 0 0 11 12 9 11 12 0 0 0 0 0
0 0 0 0 0 0 0 0 0 0 12 11 12 11 9 0 0 0 0 0
0 0 0 0 0 0 0 0 0 0 10 11 8 8 9 0 0 0 0 0
0 0 0 0 0 0 0 0 0 0 10 8 8 10 9 0 0 0 0 0
0 0 0 0 0 0 0 0 0 0 0 0 0 0 0 12 12 11 12 9
0 0 0 0 0 0 0 0 0 0 0 0 0 0 0 10 11 9 8 10
0 0 0 0 0 0 0 0 0 0 0 0 0 0 0 11 8 8 9 8
0 0 0 0 0 0 0 0 0 0 0 0 0 0 0 12 10 9 8 10
0 0 0 0 0 0 0 0 0 0 0 0 0 0 0 12 11 9 11 12
0 0 0 0 0 0 0 0 0 0 0 0 0 0 0 0 0 0 0 0
0 0 0 0 0 0 0 0 0 0 0 0 0 0 0 0 0 0 0 0
0 0 0 0 0 0 0 0 0 0 0 0 0 0 0 0 0 0 0 0
0 0 0 0 0 0 0 0 0 0 0 0 0 0 0 0 0 0 0 0
0 0 0 0 0 0 0 0 0 0 0 0 0 0 0 0 0 0 0 0
