0 0 0 0 0 7 10 15 7 14 0 0 0 0 0 0 0 0 0 0
0 0 0 0 0 7 9 15 9 14 0 0 0 0 0 0 0 0 0 0
0 0 0 0 0 6 9 14 9 7 0 0 0 0 0 0 0 0 0 0
0 0 0 0 0 5 11 6 12 13 0 0 0 0 0 0 0 0 0 0
0 0 0 0 0 6 7 10 10 11 0 0 0 0 0 0 0 0 0 0
0 0 0 0 0 0 0 0 0 0 6 11 14 7 9 0 0 0 0 0
0 0 0 0 0 0 0 0 0 0 10 13 15 9 15 0 0 0 0 0
0 0 0 0 0 0 0 0 0 0 12 14 15 12 12 0 0 0 0 0
0 0 0 0 0 0 0 0 0 0 7 7 14 15 11 0 0 0 0 0
0 0 0 0 0 0 0 0 0 0 5 11 14 15 13 0 0 0 0 0
0 0 0 0 0 0 0 0 0 0 0 0 0 0 0 14 13 6 7 11
0 0 0 0 0 0 0 0 0 0 0 0 0 0 0 12 13 7 14 10
0 0 0 0 0 0 0 0 0 0 0 0 0 0 0 15 7 12 5 12
0 0 0 0 0 0 0 0 0 0 0 0 0 0 0 10 5 8 10 6
0 0 0 0 0 0 0 0 0 0 0 0 0 0 0 14 12 14 8 12
0 0 0 0 0 0 0 0 0 0 0 0 0 0 0 0 0 0 0 0
0 0 0 0 0 0 0 0 0 0 0 0 0 0 0 0 0 0 0 0
0 0 0 0 0 0 0 0 0 0 0 0 0 0 0 0 0 0 0 0
0 0 0 0 0 0 0 0 0 0 0 0 0 0 0 0 0 0 0 0
0 0 0 0 0 0 0 0 0 0 0 0 0 0 0 0 0 0 0 0
