20
0 0 0 0 0 12 9 11 9 9 0 0 0 0 0 0 0 0 0 0
0 0 0 0 0 11 12 9 10 12 0 0 0 0 0 0 0 0 0 0
0 0 0 0 0 11 8 12 8 9 0 0 0 0 0 0 0 0 0 0
0 0 0 0 0 12 10 9 12 12 0 0 0 0 0 0 0 0 0 0
0 0 0 0 0 9 12 9 11 9 0 0 0 0 0 0 0 0 0 0
0 0 0 0 0 0 0 0 0 0 12 9 12 12 12 0 0 0 0 0
0 0 0 0 0 0 0 0 0 0 11 10 9 12 8 0 0 0 0 0
0 0 0 0 0 0 0 0 0 0 10 10 10 11 10 0 0 0 0 0
0 0 0 0 0 0 0 0 0 0 8 9 12 10 12 0 0 0 0 0
0 0 0 0 0 0 0 0 0 0 11 10 10 9 12 0 0 0 0 0
0 0 0 0 0 0 0 0 0 0 0 0 0 0 0 8 9 10 8 11
0 0 0 0 0 0 0 0 0 0 0 0 0 0 0 11 8 10 10 11
0 0 0 0 0 0 0 0 0 0 0 0 0 0 0 12 9 12 8 8
0 0 0 0 0 0 0 0 0 0 0 0 0 0 0 10 8 8 10 12
0 0 0 0 0 0 0 0 0 0 0 0 0 0 0 9 9 8 10 11
0 0 0 0 0 0 0 0 0 0 0 0 0 0 0 0 0 0 0 0
0 0 0 0 0 0 0 0 0 0 0 0 0 0 0 0 0 0 0 0
0 0 0 0 0 0 0 0 0 0 0 0 0 0 0 0 0 0 0 0
0 0 0 0 0 0 0 0 0 0 0 0 0 0 0 0 0 0 0 0
0 0 0 0 0 0 0 0 0 0 0 0 0 0 0 0 0 0 0 0
