0 0 0 0 0 13 6 11 8 14 0 0 0 0 0 0 0 0 0 0
0 0 0 0 0 8 10 11 9 10 0 0 0 0 0 0 0 0 0 0
0 0 0 0 0 11 8 9 6 10 0 0 0 0 0 0 0 0 0 0
0 0 0 0 0 11 10 6 7 15 0 0 0 0 0 0 0 0 0 0
0 0 0 0 0 14 13 9 13 11 0 0 0 0 0 0 0 0 0 0
0 0 0 0 0 0 0 0 0 0 6 8 14 6 9 0 0 0 0 0
0 0 0 0 0 0 0 0 0 0 9 9 6 14 6 0 0 0 0 0
0 0 0 0 0 0 0 0 0 0 8 8 10 5 10 0 0 0 0 0
0 0 0 0 0 0 0 0 0 0 10 7 13 5 5 0 0 0 0 0
0 0 0 0 0 0 0 0 0 0 5 9 5 5 7 0 0 0 0 0
0 0 0 0 0 0 0 0 0 0 0 0 0 0 0 8 15 5 6 6
0 0 0 0 0 0 0 0 0 0 0 0 0 0 0 8 13 14 15 10
0 0 0 0 0 0 0 0 0 0 0 0 0 0 0 11 14 11 7 13
0 0 0 0 0 0 0 0 0 0 0 0 0 0 0 13 6 7 10 9
0 0 0 0 0 0 0 0 0 0 0 0 0 0 0 12 6 15 11 5
0 0 0 0 0 0 0 0 0 0 0 0 0 0 0 0 0 0 0 0
0 0 0 0 0 0 0 0 0 0 0 0 0 0 0 0 0 0 0 0
0 0 0 0 0 0 0 0 0 0 0 0 0 0 0 0 0 0 0 0
0 0 0 0 0 0 0 0 0 0 0 0 0 0 0 0 0 0 0 0
0 0 0 0 0 0 0 0 0 0 0 0 0 0 0 0 0 0 0 0
