16
0 0 0 8 12 10 11 0 0 0 0 0 0 0 0 0
0 0 0 9 10 10 9 0 0 0 0 0 0 0 0 0
0 0 0 12 8 11 8 0 0 0 0 0 0 0 0 0
0 0 0 0 0 0 0 9 8 8 8 0 0 0 0 0
0 0 0 0 0 0 0 9 10 12 9 0 0 0 0 0
0 0 0 0 0 0 0 10 9 8 12 0 0 0 0 0
0 0 0 0 0 0 0 12 9 10 11 0 0 0 0 0
0 0 0 0 0 0 0 0 0 0 0 11 12 10 8 8
0 0 0 0 0 0 0 0 0 0 0 11 8 8 12 10
0 0 0 0 0 0 0 0 0 0 0 8 11 10 12 12
0 0 0 0 0 0 0 0 0 0 0 8 12 12 10 12
0 0 0 0 0 0 0 0 0 0 0 0 0 0 0 0
0 0 0 0 0 0 0 0 0 0 0 0 0 0 0 0
0 0 0 0 0 0 0 0 0 0 0 0 0 0 0 0
0 0 0 0 0 0 0 0 0 0 0 0 0 0 0 0
0 0 0 0 0 0 0 0 0 0 0 0 0 0 0 0
