0 0 0 15 6 9 5 0 0 0 0 0 0 0 0 0
0 0 0 11 5 14 8 0 0 0 0 0 0 0 0 0
0 0 0 13 11 5 7 0 0 0 0 0 0 0 0 0
0 0 0 0 0 0 0 9 9 12 10 0 0 0 0 0
0 0 0 0 0 0 0 9 6 11 7 0 0 0 0 0
0 0 0 0 0 0 0 14 14 5 6 0 0 0 0 0
0 0 0 0 0 0 0 5 12 13 11 0 0 0 0 0
0 0 0 0 0 0 0 0 0 0 0 6 14 7 7 5
0 0 0 0 0 0 0 0 0 0 0 7 13 5 11 14
0 0 0 0 0 0 0 0 0 0 0 7 9 12 7 12
0 0 0 0 0 0 0 0 0 0 0 10 5 7 9 10
0 0 0 0 0 0 0 0 0 0 0 0 0 0 0 0
0 0 0 0 0 0 0 0 0 0 0 0 0 0 0 0
0 0 0 0 0 0 0 0 0 0 0 0 0 0 0 0
0 0 0 0 0 0 0 0 0 0 0 0 0 0 0 0
0 0 0 0 0 0 0 0 0 0 0 0 0 0 0 0
