18
0 0 0 0 8 12 10 10 0 0 0 0 0 0 0 0 0 0
0 0 0 0 12 9 9 8 0 0 0 0 0 0 0 0 0 0
0 0 0 0 12 10 11 10 0 0 0 0 0 0 0 0 0 0
0 0 0 0 10 9 10 11 0 0 0 0 0 0 0 0 0 0
0 0 0 0 0 0 0 0 9 12 10 9 11 0 0 0 0 0
0 0 0 0 0 0 0 0 11 10 12 12 11 0 0 0 0 0
0 0 0 0 0 0 0 0 9 9 8 9 9 0 0 0 0 0
0 0 0 0 0 0 0 0 10 8 11 8 12 0 0 0 0 0
0 0 0 0 0 0 0 0 0 0 0 0 0 12 10 10 14 12
0 0 0 0 0 0 0 0 0 0 0 0 0 10 11 11 12 13
0 0 0 0 0 0 0 0 0 0 0 0 0 8 10 13 12 13
0 0 0 0 0 0 0 0 0 0 0 0 0 11 12 11 8 10
0 0 0 0 0 0 0 0 0 0 0 0 0 12 12 11 9 9
0 0 0 0 0 0 0 0 0 0 0 0 0 0 0 0 0 0
0 0 0 0 0 0 0 0 0 0 0 0 0 0 0 0 0 0
0 0 0 0 0 0 0 0 0 0 0 0 0 0 0 0 0 0
0 0 0 0 0 0 0 0 0 0 0 0 0 0 0 0 0 0
0 0 0 0 0 0 0 0 0 0 0 0 0 0 0 0 0 0
