0 0 0 0 11 7 15 6 0 0 0 0 0 0 0 0 0 0
0 0 0 0 6 15 13 9 0 0 0 0 0 0 0 0 0 0
0 0 0 0 8 13 12 13 0 0 0 0 0 0 0 0 0 0
0 0 0 0 8 8 11 10 0 0 0 0 0 0 0 0 0 0
0 0 0 0 0 0 0 0 8 12 12 6 11 0 0 0 0 0
0 0 0 0 0 0 0 0 6 11 12 9 13 0 0 0 0 0
0 0 0 0 0 0 0 0 15 11 10 14 14 0 0 0 0 0
0 0 0 0 0 0 0 0 5 10 6 10 6 0 0 0 0 0
0 0 0 0 0 0 0 0 0 0 0 0 0 15 15 13 5 5
0 0 0 0 0 0 0 0 0 0 0 0 0 8 15 9 8 7
0 0 0 0 0 0 0 0 0 0 0 0 0 8 11 9 9 12
0 0 0 0 0 0 0 0 0 0 0 0 0 12 11 14 14 14
0 0 0 0 0 0 0 0 0 0 0 0 0 13 10 10 15 5
0 0 0 0 0 0 0 0 0 0 0 0 0 0 0 0 0 0
0 0 0 0 0 0 0 0 0 0 0 0 0 0 0 0 0 0
0 0 0 0 0 0 0 0 0 0 0 0 0 0 0 0 0 0
0 0 0 0 0 0 0 0 0 0 0 0 0 0 0 0 0 0
0 0 0 0 0 0 0 0 0 0 0 0 0 0 0 0 0 0
