0 0 0 0 13 6 6 12 0 0 0 0 0 0 0 0 0 0
0 0 0 0 7 14 12 11 0 0 0 0 0 0 0 0 0 0
0 0 0 0 11 13 13 14 0 0 0 0 0 0 0 0 0 0
0 0 0 0 9 5 9 10 0 0 0 0 0 0 0 0 0 0
0 0 0 0 0 0 0 0 5 10 9 15 13 0 0 0 0 0
0 0 0 0 0 0 0 0 7 8 10 9 10 0 0 0 0 0
0 0 0 0 0 0 0 0 14 5 8 15 15 0 0 0 0 0
0 0 0 0 0 0 0 0 15 6 15 5 12 0 0 0 0 0
0 0 0 0 0 0 0 0 0 0 0 0 0 14 11 13 15 13
0 0 0 0 0 0 0 0 0 0 0 0 0 12 14 8 12 6
0 0 0 0 0 0 0 0 0 0 0 0 0 10 7 11 6 12
0 0 0 0 0 0 0 0 0 0 0 0 0 8 6 10 5 14
0 0 0 0 0 0 0 0 0 0 0 0 0 13 12 13 13 10
0 0 0 0 0 0 0 0 0 0 0 0 0 0 0 0 0 0
0 0 0 0 0 0 0 0 0 0 0 0 0 0 0 0 0 0
0 0 0 0 0 0 0 0 0 0 0 0 0 0 0 0 0 0
0 0 0 0 0 0 0 0 0 0 0 0 0 0 0 0 0 0
0 0 0 0 0 0 0 0 0 0 0 0 0 0 0 0 0 0
