16
0 0 0 8 9 8 12 0 0 0 0 0 0 0 0 0
0 0 0 9 10 8 8 0 0 0 0 0 0 0 0 0
0 0 0 9 9 11 11 0 0 0 0 0 0 0 0 0
0 0 0 0 0 0 0 12 8 8 9 0 0 0 0 0
0 0 0 0 0 0 0 8 12 10 10 0 0 0 0 0
0 0 0 0 0 0 0 9 11 9 11 0 0 0 0 0
0 0 0 0 0 0 0 12 9 9 8 0 0 0 0 0
0 0 0 0 0 0 0 0 0 0 0 10 12 12 11 9
0 0 0 0 0 0 0 0 0 0 0 12 11 9 9 12
0 0 0 0 0 0 0 0 0 0 0 11 12 12 12 8
0 0 0 0 0 0 0 0 0 0 0 11 10 9 8 9
0 0 0 0 0 0 0 0 0 0 0 0 0 0 0 0
0 0 0 0 0 0 0 0 0 0 0 0 0 0 0 0
0 0 0 0 0 0 0 0 0 0 0 0 0 0 0 0
0 0 0 0 0 0 0 0 0 0 0 0 0 0 0 0
0 0 0 0 0 0 0 0 0 0 0 0 0 0 0 0
