0 0 0 14 13 7 7 0 0 0 0 0 0 0 0 0
0 0 0 11 8 6 8 0 0 0 0 0 0 0 0 0
0 0 0 8 13 9 10 0 0 0 0 0 0 0 0 0
0 0 0 0 0 0 0 11 8 10 15 0 0 0 0 0
0 0 0 0 0 0 0 14 13 15 9 0 0 0 0 0
0 0 0 0 0 0 0 6 13 7 6 0 0 0 0 0
0 0 0 0 0 0 0 13 15 6 13 0 0 0 0 0
0 0 0 0 0 0 0 0 0 0 0 9 7 7 10 14
0 0 0 0 0 0 0 0 0 0 0 10 5 12 13 6
0 0 0 0 0 0 0 0 0 0 0 11 12 13 13 8
0 0 0 0 0 0 0 0 0 0 0 6 15 5 10 9
0 0 0 0 0 0 0 0 0 0 0 0 0 0 0 0
0 0 0 0 0 0 0 0 0 0 0 0 0 0 0 0
0 0 0 0 0 0 0 0 0 0 0 0 0 0 0 0
0 0 0 0 0 0 0 0 0 0 0 0 0 0 0 0
0 0 0 0 0 0 0 0 0 0 0 0 0 0 0 0
