20
0 0 0 0 0 8 8 9 12 8 0 0 0 0 0 0 0 0 0 0
0 0 0 0 0 8 9 10 10 10 0 0 0 0 0 0 0 0 0 0
0 0 0 0 0 10 10 8 8 12 0 0 0 0 0 0 0 0 0 0
0 0 0 0 0 8 8 10 12 12 0 0 0 0 0 0 0 0 0 0
0 0 0 0 0 12 12 8 11 11 0 0 0 0 0 0 0 0 0 0
0 0 0 0 0 0 0 0 0 0 12 11 9 11 11 0 0 0 0 0
0 0 0 0 0 0 0 0 0 0 8 10 8 11 9 0 0 0 0 0
0 0 0 0 0 0 0 0 0 0 9 9 12 9 11 0 0 0 0 0
0 0 0 0 0 0 0 0 0 0 8 12 8 12 9 0 0 0 0 0
0 0 0 0 0 0 0 0 0 0 11 11 12 9 8 0 0 0 0 0
0 0 0 0 0 0 0 0 0 0 0 0 0 0 0 8 10 10 9 11
0 0 0 0 0 0 0 0 0 0 0 0 0 0 0 10 9 9 12 12
0 0 0 0 0 0 0 0 0 0 0 0 0 0 0 10 12 9 12 8
0 0 0 0 0 0 0 0 0 0 0 0 0 0 0 11 9 12 8 12
0 0 0 0 0 0 0 0 0 0 0 0 0 0 0 10 12 11 11 10
0 0 0 0 0 0 0 0 0 0 0 0 0 0 0 0 0 0 0 0
0 0 0 0 0 0 0 0 0 0 0 0 0 0 0 0 0 0 0 0
0 0 0 0 0 0 0 0 0 0 0 0 0 0 0 0 0 0 0 0
0 0 0 0 0 0 0 0 0 0 0 0 0 0 0 0 0 0 0 0
0 0 0 0 0 0 0 0 0 0 0 0 0 0 0 0 0 0 0 0
