0 0 0 0 0 13 11 14 10 14 0 0 0 0 0 0 0 0 0 0
0 0 0 0 0 7 8 5 5 9 0 0 0 0 0 0 0 0 0 0
0 0 0 0 0 11 5 14 9 15 0 0 0 0 0 0 0 0 0 0
0 0 0 0 0 13 11 11 6 7 0 0 0 0 0 0 0 0 0 0
0 0 0 0 0 13 13 7 13 14 0 0 0 0 0 0 0 0 0 0
0 0 0 0 0 0 0 0 0 0 8 11 5 14 11 0 0 0 0 0
0 0 0 0 0 0 0 0 0 0 14 15 12 5 14 0 0 0 0 0
0 0 0 0 0 0 0 0 0 0 11 10 7 7 12 0 0 0 0 0
0 0 0 0 0 0 0 0 0 0 12 12 10 11 6 0 0 0 0 0
0 0 0 0 0 0 0 0 0 0 13 5 8 9 5 0 0 0 0 0
0 0 0 0 0 0 0 0 0 0 0 0 0 0 0 8 13 7 7 7
0 0 0 0 0 0 0 0 0 0 0 0 0 0 0 10 5 9 10 10
0 0 0 0 0 0 0 0 0 0 0 0 0 0 0 6 13 15 5 9
0 0 0 0 0 0 0 0 0 0 0 0 0 0 0 7 6 14 12 6
0 0 0 0 0 0 0 0 0 0 0 0 0 0 0 7 6 5 6 14
0 0 0 0 0 0 0 0 0 0 0 0 0 0 0 0 0 0 0 0
0 0 0 0 0 0 0 0 0 0 0 0 0 0 0 0 0 0 0 0
0 0 0 0 0 0 0 0 0 0 0 0 0 0 0 0 0 0 0 0
0 0 0 0 0 0 0 0 0 0 0 0 0 0 0 0 0 0 0 0
0 0 0 0 0 0 0 0 0 0 0 0 0 0 0 0 0 0 0 0
